q2:		136.0521525
new_order:	198981.94174825
payment:	44337.712904
