q2:		115.867329
new_order:	171031.78696071
payment:	239452.314206
