q2:		107.3106215
new_order:	118460.26730833
payment:	177701.11317025
