q2:		112.465981
new_order:	400693.30232
payment:	171787.24690743
