q2:		117.7473845
new_order:	139869.66657033
payment:	93269.960613222
