q2:		122.886115
new_order:	113547.7560962
payment:	94642.102737333
