q2:		147.5041225
new_order:	139193.811704
payment:	162302.7403445
