q2:		157.430653
new_order:	37399.294569
payment:	144103.314957
