q2:		169.6319635
new_order:	74361.4704314
payment:	74294.0975268
