q2:		110.18239233333
new_order:	72573.174999182
payment:	136905.21025879
