q2:		157.8460635
new_order:	78317.8358498
payment:	65259.371436667
