q2:		90.8872825
new_order:	222312.05341614
payment:	194499.8851255
