q2:		55.708631
new_order:	404543.2143782
payment:	303416.74034325
