q2:		138.360307
new_order:	106177.3862013
payment:	37939.911313
