q2:		179.110927
new_order:	48708.54152925
payment:	43318.274777556
