q2:		172.9104
new_order:	33891.121999167
payment:	105.2919404
