q2:		155.3004495
new_order:	101576.69950529
payment:	96937.843484636
