q2:		87.8566645
new_order:	85951.001862833
payment:	161131.100119
