q2:		154.6041015
new_order:	60589.336806
payment:	100874.02068117
