q2:		135.3106255
new_order:	78373.169355778
payment:	211442.5761572
