q2:		151.072071
new_order:	171820.58364014
payment:	80194.6069326
