q2:		114.10849
new_order:	102734.98717543
payment:	299576.9343115
