q2:		146.460536
new_order:	74.597108666667
payment:	154656.43907
