q2:		144.0667115
new_order:	200442.130118
payment:	133676.283136
