q2:		110.07477133333
new_order:	53920.9600992
payment:	57778.059706571
