q2:		133.9185405
new_order:	64512.411088333
payment:	257690.41511667
