q2:		158.448356
new_order:	142174.8319357
payment:	57.06069275
