q2:		173.057849
new_order:	82.041116333333
payment:	44114.771852111
