q2:		125.8439945
new_order:	400722.093501
payment:	133638.11243633
