q2:		124.516413
new_order:	80038.709362
payment:	139971.59580575
