q2:		189.302702
new_order:	33996.769307417
payment:	101854.582869
