q2:		177.9171215
new_order:	46804.2464465
payment:	74931.9840002
