q2:		161.7572015
new_order:	52.571697833333
payment:	110373.93598786
