q2:		145.1197315
new_order:	67694.515293167
payment:	173680.10771171
