q2:		152.005013
new_order:	141007.5582169
payment:	44089.846711625
