q2:		177.168231
new_order:	67908.559813667
payment:	99.151770333333
