q2:		131.2903635
new_order:	143952.85469236
payment:	158352.2941794
