q2:		157.234743
new_order:	99809.739650375
payment:	57108.730223286
