q2:		194.5444115
new_order:	164.2662638
payment:	29628.409306778
