q2:		201.671073
new_order:	29.974454285714
payment:	248.464584625
