q2:		190.0348925
new_order:	44487.790567
payment:	50909.906759714
