q2:		163.3356825
new_order:	40551.045756714
payment:	94547.425457167
