q2:		153.194594
new_order:	77381.9664764
payment:	128847.44593233
