q2:		171.003534
new_order:	54317.766584571
payment:	80.568621
