q2:		151.9172835
new_order:	128978.05311933
payment:	128917.946545
