q2:		114.938398
new_order:	96660.283333125
payment:	220902.68906529
