q2:		70.824659
new_order:	202764.33816158
payment:	171463.05991013
