q2:		166.526213
new_order:	114535.353035
payment:	72926.663133273
