q2:		102.20769633333
new_order:	140771.31978256
payment:	235692.69421622
