q2:		116.837854
new_order:	286370.5761655
payment:	190915.36753
