q2:		152.6867705
new_order:	76.52398675
payment:	112480.03204854
