q2:		64.3270845
new_order:	171799.78062433
payment:	276091.53766571
