q2:		139.6957135
new_order:	344308.371239
payment:	129211.19467875
