q2:		156.44282
new_order:	148500.63485971
payment:	87.322080666667
