q2:		151.992859
new_order:	66.9878754
payment:	95738.863764909
