q2:		70.123344
new_order:	400702.1146366
payment:	300548.06949575
