q2:		155.7667455
new_order:	29566.570466889
payment:	132680.82335188
