q2:		119.397939
new_order:	191846.90920967
payment:	230241.5918284
