q2:		148.5304065
new_order:	165727.06747514
payment:	128928.22943433
