q2:		48.4717825
new_order:	400393.733896
payment:	400412.7696448
