q2:		158.599114
new_order:	114597.70799086
payment:	80202.0382936
