q2:		109.520229
new_order:	171877.58584833
payment:	171874.22159183
