q2:		84.103745333333
new_order:	86809.07763125
payment:	130345.21539958
