q2:		149.2127005
new_order:	77389.6835908
payment:	193289.36287675
