q2:		125.4135925
new_order:	232201.825503
payment:	193573.81719225
