q2:		100.52303433333
new_order:	69359.99472675
payment:	190951.674328
