q2:		107.1059515
new_order:	243135.0916065
payment:	86475.786391444
