q2:		139.7543165
new_order:	163935.05425622
payment:	92247.962082
