q2:		150.370197
new_order:	242322.4157272
payment:	50574.19034125
