q2:		157.439077
new_order:	120665.90125236
payment:	48.671676
