q2:		160.779469
new_order:	64984.130874667
payment:	77884.662968
