q2:		172.4222115
new_order:	131.38148733333
payment:	38082.873686
