q2:		103.58617066667
new_order:	114297.35011979
payment:	53083.5694974
