q2:		134.3033
new_order:	150331.195569
payment:	200392.618043
