q2:		162.070911
new_order:	101192.81783025
payment:	45093.611936222
