q2:		146.2818445
new_order:	53192.3607946
payment:	132698.1940475
