q2:		68.403527
new_order:	268935.73931611
payment:	403392.369019
