q2:		109.5582725
new_order:	59239.54962
payment:	177718.6042969
