q2:		125.28666266667
new_order:	142534.27416645
payment:	125857.61777223
