q2:		80.721207
new_order:	204565.2142925
payment:	112797.08050113
