q2:		177.2280625
new_order:	97.3198125
payment:	115592.64351829
