q2:		167.221266
new_order:	100229.86107537
payment:	147.250053
