q2:		80.631601
new_order:	266813.13905013
payment:	146562.2253796
