q2:		166.4567925
new_order:	48421.62887425
payment:	64509.174964333
