q2:		161.203247
new_order:	38.7830782
payment:	110650.7759618
