q2:		134.3212735
new_order:	135696.8596575
payment:	180861.80564456
