q2:		133.493722
new_order:	218964.0551368
payment:	104304.23535271
