q2:		181.236273
new_order:	55549.603862571
payment:	181.6507026
