q2:		149.9137295
new_order:	171783.52638614
payment:	57327.985736143
