q2:		130.80013
new_order:	151647.98956986
payment:	53175.663728
