q2:		134.062209
new_order:	128648.640157
payment:	165333.95692943
