q2:		142.399116
new_order:	172602.32025371
payment:	134246.730978
