q2:		104.2898325
new_order:	388592.15290167
payment:	194359.87262183
