q2:		140.074326
new_order:	199023.2447215
payment:	40879.168819462
