q2:		128.9117815
new_order:	221168.75390117
payment:	92.6568942
