q2:		176.613892
new_order:	141.844847
payment:	171786.29876443
