q2:		111.360931
new_order:	258467.80343817
payment:	193912.5556695
