q2:		116.097662
new_order:	114515.40241729
payment:	182153.30959673
