q2:		140.289476
new_order:	85986.473346167
payment:	103179.520056
