q2:		125.3748785
new_order:	115319.17419283
payment:	207412.7759384
