q2:		38.750556
new_order:	386274.23750567
payment:	386276.22068367
