q2:		32.7593995
new_order:	390483.8412595
payment:	390482.8671412
