q2:		22.29763
new_order:	402201.94261975
payment:	402209.510062
