q2:		45.3391105
new_order:	400106.9904355
payment:	400095.429669
