q2:		38.0696785
new_order:	400085.2454936
payment:	400096.408576
