q2:		34.4885935
new_order:	387624.354558
payment:	387615.147292
