q2:		16.5459335
new_order:	295048.42285171
payment:	295052.4536485
