q2:		29.0105955
new_order:	388322.927691
payment:	388323.0558812
