q2:		44.846886333333
new_order:	291756.7593348
payment:	291759.42460612
