q2:		33.594246
new_order:	268859.06003575
payment:	268849.9045228
