q2:		34.229797
new_order:	402216.92030625
payment:	402233.8073346
