q2:		33.815783
new_order:	401979.82751229
payment:	401986.5642135
