q2:		33.969838333333
new_order:	281659.66181815
payment:	286195.3202428
