q2:		64.300647
new_order:	265768.845341
payment:	265767.7449484
