q2:		36.5948295
new_order:	343257.79693767
payment:	343247.36241867
