q2:		33.029814
new_order:	361101.35893625
payment:	361117.9014272
