q2:		60.2646805
new_order:	351989.981719
payment:	352009.6680445
