q2:		35.069871
new_order:	265698.33468467
payment:	265700.74868467
