q2:		33.7082685
new_order:	406810.27561486
payment:	406825.156302
