q2:		33.475817
new_order:	400118.855311
payment:	400092.1329288
