q2:		47.918286
new_order:	265750.02314267
payment:	265743.43943
