q2:		44.4650815
new_order:	400070.34934125
payment:	400066.6771852
