q2:		32.923718
new_order:	355250.3740518
payment:	355239.25979725
