q2:		48.7371275
new_order:	267860.483751
payment:	267860.47988533
