q2:		34.8005055
new_order:	258966.6963374
payment:	258944.7761625
