q2:		66.0153135
new_order:	405317.7515392
payment:	405322.7074975
