q2:		50.388694
new_order:	403237.13039229
payment:	403223.5782785
