q2:		64.3778685
new_order:	402283.895904
payment:	402284.41581633
