q2:		21.33602
new_order:	400116.05307
payment:	400111.704441
