q2:		32.5896175
new_order:	311360.6523758
payment:	311363.9630065
