q2:		33.69283
new_order:	402168.63659783
payment:	402164.77064767
