q2:		38.4984025
new_order:	387602.75274733
payment:	387614.00799533
