q2:		33.9536105
new_order:	400121.666125
payment:	400102.1191998
