q2:		33.925354
new_order:	402196.339351
payment:	402214.1932885
