q2:		38.633684666667
new_order:	293855.1142329
payment:	293863.818263
