q2:		25.683820666667
new_order:	293350.9758047
payment:	307695.78887825
