q2:		33.709032
new_order:	388534.5244995
payment:	388548.08535329
