q2:		36.935823
new_order:	267894.85717767
payment:	267900.53344533
