q2:		30.967942
new_order:	400107.2619386
payment:	400107.1405275
