q2:		45.047832
new_order:	386239.6525216
payment:	386231.40391425
