q2:		25.9230195
new_order:	404435.07648683
payment:	404431.63571
