q2:		25.68761
new_order:	323157.44008375
payment:	323148.5285756
