q2:		50.7669305
new_order:	387694.264514
payment:	387689.2204365
