q2:		36.871101
new_order:	401554.39304833
payment:	401560.66241967
