q2:		36.618753
new_order:	393043.5646418
payment:	393042.91642425
