q2:		35.667833
new_order:	400114.577059
payment:	400101.48497517
