q2:		32.948032
new_order:	389458.7225325
payment:	389471.07751467
