q2:		44.432609666667
new_order:	268211.98080717
payment:	268454.39560175
