q2:		33.900009
new_order:	405868.858399
payment:	405874.727599
