q2:		34.2597085
new_order:	400098.1766675
payment:	400096.697127
