q2:		47.271917
new_order:	400193.130746
payment:	400180.589565
