q2:		34.0399465
new_order:	386162.179933
payment:	386180.04390429
