q2:		50.021798
new_order:	355307.8525464
payment:	355326.1978115
