q2:		33.1051605
new_order:	388318.3237996
payment:	388319.39137575
