q2:		47.1207115
new_order:	386235.98991117
payment:	386232.70716933
