q2:		34.228315
new_order:	287808.22494286
payment:	287807.45385
