q2:		24.18452
new_order:	400192.15884975
payment:	400203.679897
