q2:		49.592879
new_order:	401824.6880905
payment:	401842.84944771
