q2:		24.5685175
new_order:	337126.19745033
payment:	337149.63578467
