q2:		66.2702775
new_order:	386271.72586033
payment:	386276.27476467
