q2:		35.0997535
new_order:	400111.77722714
payment:	400102.3303405
