q2:		38.051553
new_order:	340734.3353715
payment:	340724.2173114
