q2:		32.842363
new_order:	344177.4717188
payment:	344168.41023425
