q2:		25.161406
new_order:	279497.96269444
payment:	288794.27071822
