q2:		27.439064
new_order:	400192.00778933
payment:	400211.57240333
