q2:		24.224406666667
new_order:	260453.00276878
payment:	260420.08978444
