q2:		49.9326795
new_order:	386268.98826317
payment:	386288.64119033
