q2:		45.517502
new_order:	265746.59661717
payment:	265760.204057
