q2:		47.526583
new_order:	386237.6079216
payment:	386243.06681325
