q2:		19.9468445
new_order:	386354.16591525
payment:	386360.5283936
