q2:		38.849735
new_order:	402201.14335
payment:	402223.409965
