q2:		31.337735
new_order:	387596.1016242
payment:	387613.892786
