q2:		24.999461666667
new_order:	289310.274496
payment:	291410.29375282
