q2:		32.5598
new_order:	345335.1910845
payment:	345335.6579124
