q2:		48.049496
new_order:	346252.757324
payment:	346259.23824467
