q2:		62.4299545
new_order:	309163.00246367
payment:	309165.99143767
