q2:		34.116153
new_order:	305476.694939
payment:	305475.521672
