q2:		55.2872825
new_order:	400174.1625205
payment:	400153.636051
