q2:		18.557152666667
new_order:	297154.83673387
payment:	285870.2857893
