q2:		48.491454
new_order:	265753.3120505
payment:	265763.44979114
