q2:		31.4513955
new_order:	400112.60170825
payment:	400133.643501
