q2:		34.64601
new_order:	386175.08962467
payment:	386181.92719683
