q2:		46.543604
new_order:	267747.014697
payment:	267761.3376336
