q2:		12.453872666667
new_order:	259411.39758414
payment:	259162.54621409
