q2:		34.3198535
new_order:	402206.644538
payment:	402187.0473515
