q2:		32.580454666667
new_order:	280420.32692925
payment:	280417.37426633
