q2:		25.771803
new_order:	386197.89738986
payment:	386177.758247
