q2:		44.361753333333
new_order:	293162.81389455
payment:	287291.34191986
