q2:		34.8043635
new_order:	387613.196861
payment:	387609.40013767
