q2:		22.402802333333
new_order:	268024.50245678
payment:	268614.10801033
