q2:		31.159853
new_order:	385880.6199628
payment:	385881.531401
