q2:		23.649918
new_order:	284417.1788591
payment:	284406.98111775
