q2:		34.203407
new_order:	388325.91203467
payment:	388334.33591267
