q2:		18.675131
new_order:	402275.21522083
payment:	402263.31641267
