q2:		28.833652666667
new_order:	288524.26968612
payment:	288519.4824988
