q2:		46.9365085
new_order:	355294.48448075
payment:	355295.2436042
