q2:		45.728105
new_order:	405943.4573005
payment:	405940.755692
