q2:		34.6738295
new_order:	403636.15763883
payment:	403627.21614333
