q2:		34.3751145
new_order:	386191.909815
payment:	386183.43972675
