q2:		23.102969
new_order:	388396.42755067
payment:	388391.60018917
