q2:		4.1448795
new_order:	170812.6228545
payment:	170788.9367086
