q2:		5.3258
new_order:	170807.4210074
payment:	170822.82027225
