q2:		4.963058
new_order:	170821.4755615
payment:	170790.47542557
