q2:		4.9168855
new_order:	170815.01096017
payment:	170786.86179833
