q2:		5.156434
new_order:	170811.5143332
payment:	170800.1299085
