q2:		6.358229
new_order:	170809.6953252
payment:	170800.5650695
