q2:		6.552637
new_order:	170796.04128875
payment:	170809.0640966
