q2:		5.019933
new_order:	170805.28610133
payment:	170795.27229083
