q2:		5.7733145
new_order:	170781.67352133
payment:	170800.95565
