q2:		6.5049425
new_order:	170781.74862567
payment:	170800.78981583
