q2:		20.534709
new_order:	72301.997126583
payment:	91450.125821263
