q2:		2.475013
new_order:	174271.04945983
payment:	174278.98465867
