q2:		51.8663245
new_order:	28.262067818182
payment:	24.979293285714
