new_order:	15.929122734653
payment:	15.862640384934
