q2:		289.808091
new_order:	119.61110685714
payment:	163.296697
