q2:		288.785772
new_order:	154.84367066667
payment:	129.41115933333
