q2:		317.3791455
new_order:	147.55679625
payment:	185.58258416667
