q2:		303.5603125
new_order:	211.734631375
payment:	130.3750045
