q2:		321.7405135
new_order:	157.26099822222
payment:	136.52750777778
