q2:		324.331619
new_order:	140.55489325
payment:	199.3852807
