q2:		303.1513455
new_order:	138.81116514286
payment:	177.05909363636
