q2:		329.370734
new_order:	230.742811125
payment:	125.4715093
