q2:		315.1713185
new_order:	121.2886468
payment:	193.206944
