q2:		309.835949
new_order:	157.678081
payment:	164.54380683333
