q2:		214.07786566667
new_order:	179.04668961538
payment:	34.860300285714
