q2:		298.03949
new_order:	149.453486
payment:	163.7392526
