q2:		314.0702185
new_order:	152.052998
payment:	155.00176078571
