q2:		317.693394
new_order:	237.07476875
payment:	120.393297
