q2:		299.669165
new_order:	83.6806067
payment:	262.834751875
