q2:		309.0512245
new_order:	155.60904363636
payment:	173.848317
