q2:		214.03154
new_order:	52.310704181818
payment:	154.269595
