q2:		342.9901995
new_order:	189.8162379
payment:	183.286178625
