2:		288.9706495
new_order:	198.2334279
payment:	81.93279625
