q2:		316.4464215
new_order:	182.74403254545
payment:	197.46852128571
