q2:		305.8452
new_order:	142.8130379
payment:	191.2706705
