q2:		338.356009
new_order:	176.9356674
payment:	161.766041625
