q2:		331.770662
new_order:	317.43379933333
payment:	36.685318666667
