q2:		317.054383
new_order:	151.678472
payment:	191.04590216667
