q2:		313.484179
new_order:	184.87057627273
payment:	135.22519071429
