q2:		314.1693615
new_order:	244.84953133333
payment:	53.627291666667
