q2:		307.409873
new_order:	239.73159555556
payment:	74.579985888889
