q2:		324.596795
new_order:	201.69906357143
payment:	124.01065727273
