q2:		206.84464
new_order:	91.674179588235
payment:	117.3915651
