q2:		315.7688395
new_order:	168.6702819
payment:	149.36073375
