q2:		342.3326335
new_order:	147.1345042
payment:	197.39164425
