q2:		320.8900195
new_order:	194.0237437
payment:	130.475165625
