q2:		294.6401655
new_order:	209.2943985
payment:	130.35141141667
