q2:		296.612375
new_order:	140.116529
payment:	167.69430711111
