q2:		320.513888
new_order:	68.92080225
payment:	254.3614631
