q2:		217.748641
new_order:	117.68347307143
payment:	109.98806946154
