q2:		210.05501266667
new_order:	152.77536773333
payment:	40.174448416667
