q2:		225.98954366667
new_order:	94.468050928571
payment:	142.06811730769
