q2:		319.1405165
new_order:	155.1117228
payment:	185.368886125
