q2:		299.791019
new_order:	186.03396790909
payment:	132.20289928571
