q2:		334.319823
new_order:	121.41132288889
payment:	229.69145188889
