q2:		302.051313
new_order:	177.84980923077
payment:	101.8054216
