q2:		310.682802
new_order:	194.15909911111
payment:	135.22222211111
