q2:		338.620416
new_order:	137.296805875
payment:	204.6744015
