q2:		295.0955845
new_order:	187.788146
payment:	155.01202372727
