q2:		318.7229685
new_order:	108.500819
payment:	217.95557788889
