q2:		295.87751
new_order:	112.68340011111
payment:	182.52598922222
