q2:		322.7505685
new_order:	160.85657191667
payment:	190.98857933333
