q2:		291.8926
new_order:	60.305385
payment:	186.97559366667
