q2:		318.7081475
new_order:	149.81827575
payment:	211.81908816667
