q2:		302.795705
new_order:	91.165296428571
payment:	175.535743
