q2:		215.45528133333
new_order:	118.51065733333
payment:	93.726858444444
