q2:		209.349587
new_order:	85.173337416667
payment:	117.5092204
