q2:		331.747239
new_order:	125.468411
payment:	221.69502033333
