q2:		206.928516
new_order:	73.768316076923
payment:	142.53655714286
