q2:		290.9009205
new_order:	196.2699744
payment:	67.306072
