q2:		322.1268005
new_order:	174.2631931
payment:	163.1828725
