q2:		351.418397
new_order:	209.211535625
payment:	160.2413409
