q2:		282.9648925
new_order:	126.48895444444
payment:	156.53493722222
