q2:		298.208103
new_order:	175.15022166667
payment:	132.37862333333
