q2:		297.956177
new_order:	202.20021863636
payment:	62.017974
