q2:		307.552285
new_order:	185.367841
payment:	143.8035912
