q2:		304.620088
new_order:	184.8707887
payment:	138.932239625
