q2:		315.4785875
new_order:	131.034656375
payment:	180.6347332
