q2:		277.1267045
new_order:	136.9587768
payment:	181.801402375
