q2:		332.3874945
new_order:	194.28943966667
payment:	143.81609755556
