q2:		294.0467585
new_order:	182.92473390909
payment:	121.91575714286
