q2:		296.2149845
new_order:	159.0211182
payment:	159.99437125
