q2:		217.36783366667
new_order:	128.315069
payment:	95.263690153846
