q2:		215.88330666667
new_order:	49.095963727273
payment:	151.518719875
