q2:		302.292165
new_order:	176.8112092
payment:	166.71377646154
