q2:		305.0290755
new_order:	210.175614
payment:	73.128808375
