q2:		331.2751525
new_order:	205.5047443
payment:	125.860022625
