q2:		221.86309866667
new_order:	117.7802432
payment:	118.68757733333
