q2:		306.1721535
new_order:	85.37498575
payment:	230.3736652
