q2:		327.0892625
new_order:	119.27034
payment:	207.0947875
