q2:		308.641391
new_order:	161.24272171429
payment:	178.150304
