q2:		330.090081
new_order:	184.62791308333
payment:	149.76405016667
