q2:		297.776089
new_order:	82.95686575
payment:	206.6341699
