q2:		313.7212055
new_order:	106.1854097
payment:	237.78882975
