q2:		285.8633335
new_order:	124.47492322222
payment:	139.71487244444
