q2:		347.1033935
new_order:	126.30617430769
payment:	314.9572964
