q2:		207.14475533333
new_order:	130.37065672727
payment:	84.3986951875
