q2:		296.5428675
new_order:	155.0045772
payment:	151.70439625
