q2:		291.6469835
new_order:	132.53927266667
payment:	139.65983822222
