q2:		311.0519655
new_order:	171.68835755556
payment:	148.24371066667
