q2:		322.76965
new_order:	124.86179825
payment:	197.0995826
