q2:		313.272346
new_order:	95.5631529
payment:	295.414002375
