q2:		274.379357
new_order:	87.962636666667
payment:	172.55296955556
