q2:		306.4813905
new_order:	167.40025977778
payment:	163.28913477778
