q2:		278.680787
new_order:	93.995219888889
payment:	192.70596955556
