q2:		315.945334
new_order:	213.859939
payment:	136.03364422222
