q2:		353.303306
new_order:	193.69310066667
payment:	181.33718616667
