q2:		216.925895
new_order:	112.32682
payment:	105.38655653846
