q2:		285.3562695
new_order:	129.046306
payment:	166.6701247
