q2:		296.586779
new_order:	163.51738928571
payment:	147.29644572727
