q2:		231.362381
new_order:	123.62657229412
payment:	132.3509121
