q2:		294.4191965
new_order:	180.13931644444
payment:	99.736034555556
