q2:		327.7642215
new_order:	137.37478971429
payment:	196.59573781818
