q2:		324.7589505
new_order:	140.49214066667
payment:	266.73531666667
