q2:		60.764111333333
new_order:	137220.40827556
payment:	58836.070005286
