q2:		60.230948333333
new_order:	75839.650664182
payment:	86924.378465083
