q2:		63.941987333333
new_order:	59618.231090571
payment:	111570.62017627
