q2:		75.044051333333
new_order:	74498.413368571
payment:	83418.9910792
