q2:		60.965334666667
new_order:	47685.960037692
payment:	103329.6134517
