q2:		79.713543666667
new_order:	37809.128417273
payment:	26043.323475
