q2:		76.952926333333
new_order:	69513.36172525
payment:	86860.580878417
