q2:		56.514436
new_order:	115844.64487256
payment:	92693.151263556
