q2:		76.579168333333
new_order:	73519.506241235
payment:	139004.47313083
