q2:		62.321585333333
new_order:	82731.250269867
payment:	82478.4164186
