q2:		72.723821
new_order:	69516.11870075
payment:	83421.675732133
