q2:		63.574827666667
new_order:	87225.308511333
payment:	62615.7435551
