q2:		55.880858333333
new_order:	102923.34550575
payment:	74853.908592182
