q2:		38.242485666667
new_order:	104249.72499563
payment:	119116.97443643
