q2:		57.289198
new_order:	62300.9201368
payment:	69026.852290833
