q2:		72.254722333333
new_order:	37944.332436364
payment:	111322.381289
