q2:		74.478557666667
new_order:	74487.911715429
payment:	113713.81583155
