q2:		41.092887333333
new_order:	105780.28920375
payment:	129913.30689808
