q2:		53.740360666667
new_order:	142510.83929531
payment:	137200.45060211
