q2:		58.239682666667
new_order:	125084.886699
payment:	104278.04377393
