q2:		62.703689666667
new_order:	114373.63594489
payment:	56154.284239818
