q2:		57.673159333333
new_order:	68800.094043583
payment:	111073.34573254
