q2:		66.898812
new_order:	62506.4528763
payment:	52178.140564
