q2:		77.250251666667
new_order:	69409.5655162
payment:	83416.4634008
