q2:		53.722341666667
new_order:	51519.504393125
payment:	187116.487292
