q2:		74.858292333333
new_order:	56842.029564545
payment:	104349.96331692
