q2:		34.740637
new_order:	144222.8660147
payment:	114801.22031778
