q2:		49.402243666667
new_order:	64001.850928231
payment:	124781.4399712
