q2:		81.399113666667
new_order:	62660.4322168
payment:	55738.4574242
