q2:		33.669543666667
new_order:	165189.9222235
payment:	168999.72088664
