q2:		72.939206666667
new_order:	62629.906366
payment:	119153.32033393
