q2:		74.981396333333
new_order:	29538.081530786
payment:	62069.2914485
