q2:		77.151541
new_order:	39.866548181818
payment:	38998.683776125
