q2:		58.797430666667
new_order:	156433.5239395
payment:	83440.5500444
