q2:		100.057319
new_order:	46233.442603556
payment:	23162.713390444
