q2:		63.878810666667
new_order:	63640.5302056
payment:	81088.305132769
