q2:		81.924477333333
new_order:	46366.973524667
payment:	32106.027892385
