q2:		73.395203666667
new_order:	80160.604064
payment:	69540.830069917
