q2:		54.243241666667
new_order:	83076.1416596
payment:	86263.47102125
