q2:		96.964574666667
new_order:	26014.085824625
payment:	56823.516660909
