q2:		70.977555666667
new_order:	26037.046635
payment:	20834.4351578
