q2:		89.561654
new_order:	55844.807004733
payment:	41898.2912367
