q2:		39.794777333333
new_order:	103682.1029704
payment:	186254.8757901
