q2:		62.626160666667
new_order:	24.9705535
payment:	64963.04629225
