q2:		74.873851
new_order:	48612.919065529
payment:	41332.181844
