q2:		50.351217666667
new_order:	118818.46615043
payment:	69399.618590067
