q2:		53.876648666667
new_order:	93558.035806182
payment:	102932.6333721
