q2:		75.433855666667
new_order:	48730.709369235
payment:	46083.692677556
