q2:		61.281107666667
new_order:	69668.647728333
payment:	38003.088968455
