q2:		37.930720333333
new_order:	156536.19835742
payment:	208282.303563
