q2:		13.609745
new_order:	208417.0777675
payment:	208417.2060626
