q2:		16.88487
new_order:	208419.485678
payment:	208429.9273778
