q2:		22.4594615
new_order:	208288.845664
payment:	208278.9224
