q2:		15.1975215
new_order:	206271.20668
payment:	206267.985129
