q2:		11.409162
new_order:	206276.909291
payment:	206279.144534
