q2:		16.068007
new_order:	208436.5293858
payment:	208417.09515325
