q2:		19.6259125
new_order:	208394.98025333
payment:	208417.48987617
