q2:		12.700495
new_order:	206213.83975067
payment:	206236.403453
