q2:		12.87659
new_order:	208445.31027271
payment:	208438.2976255
