q2:		17.7215345
new_order:	208898.63402775
payment:	208891.2501754
