q2:		19.564451
new_order:	208885.8938406
payment:	208896.062812
