q2:		16.625819
new_order:	206283.7757884
payment:	206295.283137
