q2:		13.084469
new_order:	212398.77606125
payment:	212415.095508
