q2:		12.060378
new_order:	208864.8767028
payment:	208851.7076955
