q2:		18.660279
new_order:	206544.07653914
payment:	206544.608915
