q2:		15.8942115
new_order:	206563.372795
payment:	206555.1928762
