q2:		17.5133505
new_order:	206272.7387655
payment:	206283.16817643
