q2:		13.520823
new_order:	206205.7656554
payment:	206227.11194275
