q2:		13.8833555
new_order:	206195.73504067
payment:	206214.01559283
