q2:		17.5658455
new_order:	206552.29392233
payment:	206564.5552125
