q2:		21.039536
new_order:	208869.500298
payment:	208878.1089912
