q2:		14.8531895
new_order:	208850.41199975
payment:	208843.7993922
