q2:		18.1872095
new_order:	208447.3099625
payment:	208435.36280433
