q2:		18.19775
new_order:	208342.72269
payment:	208359.2001194
