q2:		13.428986
new_order:	206608.1767668
payment:	206608.8931745
