q2:		17.191166
new_order:	206218.0530238
payment:	206224.28646425
