q2:		13.18408
new_order:	206212.7144832
payment:	206203.429617
