q2:		17.7597075
new_order:	207152.421823
payment:	207139.3216705
