q2:		12.196603
new_order:	208414.3420085
payment:	208420.5240212
