q2:		19.5312865
new_order:	208831.8802068
payment:	208835.4732045
