q2:		12.82553
new_order:	207114.08467
payment:	207124.45005929
