q2:		13.19
new_order:	208345.90374675
payment:	208344.9913432
