q2:		13.1366255
new_order:	208429.35125033
payment:	208436.65930767
