q2:		14.5677565
new_order:	208451.021695
payment:	208465.7937644
