q2:		15.6074375
new_order:	206242.1475588
payment:	206258.4843215
