q2:		14.7043055
new_order:	206198.78036133
payment:	206222.557818
