q2:		17.693842
new_order:	208497.09665325
payment:	208495.7274858
