q2:		14.5572185
new_order:	208432.9467546
payment:	208423.26784025
