q2:		18.9982695
new_order:	206233.962564
payment:	206247.16023225
