q2:		23.0308615
new_order:	206268.69876233
payment:	206280.901141
