q2:		17.53847
new_order:	208860.50173867
payment:	208856.963791
