q2:		19.722918
new_order:	206228.4293282
payment:	206226.1814985
