q2:		12.6041675
new_order:	208883.294454
payment:	208879.3481586
