q2:		15.702768
new_order:	208438.18739875
payment:	208447.7347096
