q2:		14.4175445
new_order:	206244.006519
payment:	206226.2871146
