q2:		16.954122
new_order:	208409.46432333
payment:	208430.03604733
