q2:		11.849481
new_order:	208442.579165
payment:	208455.346265
