q2:		13.1891065
new_order:	208828.3309926
payment:	208817.0450275
