q2:		18.5849015
new_order:	206597.9388776
payment:	206596.92845925
