q2:		12.738983
new_order:	208393.5912925
payment:	208379.422291
