new_order:	300.73866842857
payment:	295.36976463514
