new_order:	287.31688689024
payment:	305.3885953494
