new_order:	298.71572406452
payment:	297.93156443243
