new_order:	305.84562065333
payment:	292.85392958065
