new_order:	291.54979942683
payment:	310.66286670732
