new_order:	294.94711795604
payment:	307.62506043056
