new_order:	307.47288033333
payment:	273.7724405375
