new_order:	306.78954410526
payment:	292.73796831461
