new_order:	308.93355115217
payment:	287.85144143243
