new_order:	315.84041261728
payment:	281.21577981176
