new_order:	271.09561114706
payment:	319.09681127835
