new_order:	288.14579487654
payment:	296.65687407778
