new_order:	300.97441712791
payment:	286.61405566667
