new_order:	301.48464461798
payment:	291.83272155263
