new_order:	302.82174446512
payment:	282.15372072152
