new_order:	310.8809347125
payment:	280.43692868605
