new_order:	283.40334451163
payment:	319.9196378375
