new_order:	331.17528741791
payment:	269.81884538235
