new_order:	300.24032294937
payment:	296.93293205747
