new_order:	284.86397183784
payment:	307.14006607447
