new_order:	322.94035337209
payment:	273.52523632927
