new_order:	278.68390944444
payment:	318.27357175789
