new_order:	297.00191165556
payment:	276.23945358025
