new_order:	301.48914252083
payment:	289.15102953425
