new_order:	294.73391085897
payment:	305.96018046512
