new_order:	324.53007203947
payment:	271.76874369663
