new_order:	299.02016303529
payment:	306.88041205128
