new_order:	291.18660631707
payment:	311.30488861905
