new_order:	298.90262065957
payment:	294.38754314286
