new_order:	290.9784915977
payment:	301.05451569136
