new_order:	309.39852474648
payment:	285.43848765591
