new_order:	291.5486061573
payment:	299.8215429625
