new_order:	269.86464169048
payment:	326.06946550617
