new_order:	286.41733795238
payment:	305.964225
