new_order:	297.15170960976
payment:	294.77933281609
