new_order:	309.57116926829
payment:	286.26096170588
