new_order:	288.90367161905
payment:	302.5797720119
