new_order:	302.8728689
payment:	297.64068215116
