new_order:	302.54414549412
payment:	284.11491178313
