new_order:	287.49239610588
payment:	319.9481007
