new_order:	299.87842758824
payment:	310.46468791026
