new_order:	270.02895527632
payment:	320.8540161
