new_order:	318.51697515385
payment:	277.85780101351
