new_order:	292.58641434091
payment:	304.93591854545
