new_order:	297.61117814433
payment:	308.54821630303
