new_order:	314.27395735294
payment:	278.04969483333
