new_order:	287.07453897701
payment:	294.8432941358
