new_order:	292.55100961364
payment:	291.01563553165
