new_order:	279.11238521687
payment:	313.13873048235
