new_order:	307.90952889011
payment:	274.32270485526
