new_order:	285.99550879798
payment:	291.25920076389
