new_order:	295.3864634
payment:	295.84656785057
