new_order:	294.38393078889
payment:	313.09918277632
