new_order:	292.10163964103
payment:	295.7964582967
