new_order:	293.44465040964
payment:	304.64185045783
