new_order:	287.02014655422
payment:	303.37496629762
