new_order:	293.55686025275
payment:	305.20788147297
