new_order:	318.22411004167
payment:	282.48624988421
