new_order:	302.6875944125
payment:	289.43695365169
