new_order:	301.59272352273
payment:	281.56642920482
