new_order:	304.98012155556
payment:	294.88108906977
