new_order:	272.7814489875
payment:	310.55798696667
