new_order:	297.32415554651
payment:	282.51088324706
