new_order:	295.9556462093
payment:	290.33865095122
