new_order:	303.62636427273
payment:	288.93577992208
