new_order:	287.56653480488
payment:	287.07216842697
