new_order:	273.38656608861
payment:	314.6407074023
