new_order:	311.54106969412
payment:	274.50172520482
