new_order:	310.56414827059
payment:	279.753993675
