new_order:	304.55742624691
payment:	291.49306715116
