new_order:	291.48525784946
payment:	301.69394591892
