new_order:	312.43576598936
payment:	266.97488754054
