new_order:	284.29806718605
payment:	303.83660931325
