new_order:	297.32359795062
payment:	305.32896313253
