new_order:	281.19923885542
payment:	315.88721232927
