new_order:	289.00142848235
payment:	313.12194016049
