new_order:	311.84636896774
payment:	275.30434042308
