new_order:	297.67738162105
payment:	279.21765090789
