new_order:	293.3221502625
payment:	301.10311009195
