new_order:	304.94417802247
payment:	288.1456680625
