new_order:	287.36311857778
payment:	298.99835041558
