new_order:	323.49334961628
payment:	265.29472744444
