new_order:	280.4897547875
payment:	301.74888663218
