new_order:	280.79969301493
payment:	299.39615988119
