new_order:	292.2267864557
payment:	298.29537086667
