new_order:	299.88704894366
payment:	274.83945657
