new_order:	288.15385225
payment:	307.83711966216
