new_order:	298.71049470115
payment:	290.64631439506
