new_order:	295.63768315385
payment:	291.42006368817
