new_order:	274.11267808974
payment:	298.59595175269
