new_order:	303.47210706024
payment:	277.54229709524
