new_order:	292.59866105102
payment:	288.62094398571
