new_order:	302.89772717778
payment:	290.0541044557
