new_order:	291.58896042169
payment:	310.0712077125
