new_order:	271.93943678049
payment:	318.72997381818
