new_order:	300.14914707778
payment:	290.91903531579
