new_order:	282.8175830119
payment:	309.14402447674
