new_order:	312.26651823864
payment:	282.87160287179
