new_order:	290.0556202
payment:	293.43900313253
