new_order:	287.9317905
payment:	304.887329
