q2:		84.051107
new_order:	41.35529725
payment:	49.9838329
