q2:		85.2451065
new_order:	44.8475018
payment:	54.78294875
