q2:		76.9575975
new_order:	42.053864625
payment:	37.2715901
