q2:		84.3300995
new_order:	46.6918655
payment:	44.1282765
