q2:		95.384139
new_order:	49.4001975
payment:	67.2989865
