q2:		73.4088175
new_order:	40.861787181818
payment:	34.528701285714
