q2:		97.159665
new_order:	54.508000461538
payment:	42.170878
