q2:		91.9134545
new_order:	49.053423111111
payment:	51.426433444444
