q2:		79.4959655
new_order:	41.224133454545
payment:	47.554535285714
