q2:		83.563257
new_order:	38.758415222222
payment:	55.595457
