q2:		49.6667075
new_order:	28480.575538778
payment:	66357.610860556
