q2:		37.24861075
new_order:	71820.856526579
payment:	80290.261368471
