q2:		33.93735075
new_order:	52492.487453231
payment:	89880.995306737
