q2:		35.640007
new_order:	63960.755963333
payment:	113809.43514792
