q2:		32.218979
new_order:	90985.892866733
payment:	50221.429925765
