q2:		21.56405525
new_order:	106691.87966106
payment:	120428.43989094
