q2:		46.66364425
new_order:	36542.043229714
payment:	40112.517605941
