q2:		36.160862
new_order:	65034.775241476
payment:	99500.28624125
