q2:		44.9248555
new_order:	66427.456335444
payment:	40186.248694706
