q2:		41.0788595
new_order:	56960.9546674
payment:	53961.161338526
