q2:		192.427626
new_order:	92.238515625
payment:	113.6542473
