q2:		164.576384
new_order:	86.547943090909
payment:	96.222917
