q2:		198.04622
new_order:	95.801035375
payment:	107.3803775
