q2:		195.780296
new_order:	113.158062
payment:	102.97593818182
