q2:		154.246756
new_order:	67.009294166667
payment:	97.189984833333
