q2:		193.565445
new_order:	78.847885125
payment:	131.9746043
