q2:		202.9266845
new_order:	138.6026377
payment:	108.02067425
