q2:		196.5400795
new_order:	97.373819071429
payment:	119.0002035
