q2:		193.338315
new_order:	80.673328571429
payment:	117.40707636364
