q2:		177.593302
new_order:	116.24610425
payment:	90.5709094
