q2:		172.6870675
new_order:	90.802309
payment:	98.583227545455
