q2:		172.419382
new_order:	83.100612230769
payment:	153.9868812
