q2:		189.565925
new_order:	66.0865355
payment:	145.249341875
