q2:		182.9634835
new_order:	149.50677375
payment:	70.5583328
