q2:		203.421303
new_order:	74.714396111111
payment:	149.17889577778
