q2:		180.296864
new_order:	108.593342875
payment:	95.565725
