q2:		157.1444885
new_order:	107.5985415
payment:	76.024327333333
