q2:		194.320017
new_order:	111.87755688889
payment:	79.744805222222
