q2:		197.758828
new_order:	107.3820896
payment:	138.753927625
