q2:		165.9984355
new_order:	81.1354384
payment:	96.987197307692
