q2:		170.0873195
new_order:	138.330373
payment:	60.447093
