q2:		196.913829
new_order:	144.16336663636
payment:	59.677611
