q2:		185.878428
new_order:	53.285367888889
payment:	167.14870188889
