q2:		190.3347105
new_order:	152.25780811111
payment:	67.580820888889
