q2:		188.6673205
new_order:	118.5511405
payment:	94.536318
