q2:		200.2396145
new_order:	133.30854766667
payment:	93.119895888889
