q2:		170.795251
new_order:	87.381371666667
payment:	88.442527
