q2:		189.052795
new_order:	103.1299959
payment:	94.381776
