q2:		190.1608175
new_order:	108.646691
payment:	118.20638411111
