q2:		194.3679745
new_order:	66.2504765
payment:	137.9100641
