q2:		159.1253365
new_order:	81.7433493
payment:	85.752428375
