q2:		184.7183845
new_order:	60.415900777778
payment:	142.83469166667
