q2:		190.821983
new_order:	120.42479954545
payment:	76.124436285714
