q2:		181.3913665
new_order:	100.15692390909
payment:	103.79833171429
