q2:		152.0927285
new_order:	97.073898111111
payment:	56.379692777778
