q2:		203.712375
new_order:	154.90894718182
payment:	71.250172571429
