q2:		180.1891375
new_order:	121.2146972
payment:	82.18424975
