q2:		170.982579
new_order:	96.218323285714
payment:	84.883321727273
