q2:		202.1262415
new_order:	159.9180785
payment:	92.503689
