q2:		169.8248635
new_order:	57.850213833333
payment:	108.67821316667
