q2:		181.9839055
new_order:	134.23124455556
payment:	60.690528555556
