q2:		197.4377875
new_order:	106.9889212
payment:	124.25833
