q2:		173.215179
new_order:	129.31243044444
payment:	66.481772555556
