q2:		170.474324
new_order:	51.5151903
payment:	133.095336875
