q2:		163.970526
new_order:	91.507949625
payment:	101.9706073
