q2:		168.5553525
new_order:	75.401487181818
payment:	109.953442
