q2:		204.022101
new_order:	97.5927985
payment:	132.47405525
