q2:		173.297091
new_order:	67.538885125
payment:	116.8193246
