q2:		202.369988
new_order:	100.67666263636
payment:	142.16520842857
