q2:		164.3354345
new_order:	70.90699225
payment:	106.3870171
