new_order:	148.31371901274
payment:	151.61806269714
