new_order:	149.143434
payment:	150.13146228571
