new_order:	146.20278207101
payment:	136.12739629444
