new_order:	149.54604279268
payment:	157.59983012025
