new_order:	143.58489726437
payment:	151.21084356886
