new_order:	147.59489822754
payment:	141.28543739053
