new_order:	148.69305283929
payment:	152.26987794268
