new_order:	148.29585557237
payment:	154.21133217816
