new_order:	138.07320624845
payment:	147.71763991713
