new_order:	152.41025602198
payment:	152.86742907857
