new_order:	152.62775940805
payment:	149.57457771895
