new_order:	152.33240154601
payment:	137.92567138202
