new_order:	153.87985166667
payment:	147.81738452121
