new_order:	153.83334468208
payment:	151.20469530612
