new_order:	154.04909355056
payment:	148.66891130137
