new_order:	151.31017718788
payment:	134.06779219892
