new_order:	140.28939307426
payment:	147.44888657241
