new_order:	141.75450406316
payment:	150.17225413907
