new_order:	148.2451122013
payment:	142.07211942781
