new_order:	147.26672955488
payment:	153.74424317683
