new_order:	149.64846578698
payment:	143.65930843529
