new_order:	140.23630054787
payment:	133.19694099408
