new_order:	146.53523006857
payment:	145.3574233125
