new_order:	135.80046418675
payment:	146.57337523913
