new_order:	144.69635820859
payment:	155.13694034356
