new_order:	159.59373963006
payment:	144.08990773826
