new_order:	150.29307100613
payment:	157.57541481132
