new_order:	151.66479697333
payment:	147.83538469399
