new_order:	139.80969167213
payment:	143.76735001205
