new_order:	147.4419833956
payment:	137.88424548171
