new_order:	153.27421007595
payment:	141.41611591525
