new_order:	155.63432399432
payment:	152.53284938621
