new_order:	156.46145241104
payment:	141.98806541765
