new_order:	150.43698065698
payment:	141.51996006587
