new_order:	145.08344707051
payment:	149.27934792973
