new_order:	150.04051583951
payment:	140.53103933702
