new_order:	144.88184223295
payment:	131.15753316201
