new_order:	145.98222036207
payment:	145.44616560241
