new_order:	150.74112855172
payment:	140.43619558537
