new_order:	148.34561548352
payment:	140.64962345912
