new_order:	148.43071174419
payment:	140.57983712865
