new_order:	145.09585058824
payment:	136.62438860479
