new_order:	136.19925503158
payment:	144.53478333333
