new_order:	153.41991104138
payment:	153.33936728324
