new_order:	136.9527320914
payment:	146.52116974118
