new_order:	149.6193255988
payment:	143.12305463006
