new_order:	140.07335911243
payment:	144.90238434783
