new_order:	151.28167983234
payment:	150.78535593168
