new_order:	152.77218785955
payment:	146.45533353896
