new_order:	156.71050072727
payment:	143.70649941341
