new_order:	35.300917007331
payment:	34.560974399705
