new_order:	27.174007300565
payment:	27.406169683036
