new_order:	33.044566181446
payment:	33.022053838755
