new_order:	35.369376515152
payment:	37.562098338279
