new_order:	33.92035738257
payment:	34.575425172312
