new_order:	30.888582154873
payment:	31.432828765985
