new_order:	37.369489248834
payment:	37.093128768504
