new_order:	35.387731539157
payment:	36.684052164885
