new_order:	34.967419534848
payment:	34.613908605926
