new_order:	28.37141621781
payment:	28.769880393976
